3429820384035633
3429596836334747
3429019729260718
3425651212562851
3425650943805953
3419673980396029
3418690517342359
3415231550017631
3414535476330393
3414105211803566
3414104914214598
3412563822118666
3412490291581065
3411983917846685
3410836716943791
3410294091247362
3410197835562220
3409283062906869
3408748104437964
3408578121626746
3407883327198849
3405832538578453
3405692004597824
3400562599224759
3400215467471127
3399838219853019
3396311905164000
3396102386155846
3395250632906618
3395237776568218
3395223025363664
3395218226902714
3394654029371447
3393466535070386
3391376097990206
3388006734002709
3384663869123724
3384662426862858
3384661646109756
3383597440633868
3368799340648914
3368379983504656
3368362311241912
3368358536489735
3367973243500763
3366957770377312
3366878907868567
3366661669466388
3364538211100927
3363939929347572
3360162414547874
3359821663919196
3359810330941111
3359810087661553
3359809917457815
3359806377582253
3359805570476986
3431543110133187
3431458858973774
3431382263217147
3430790212324504
3430522690920380
3436255293513059
3436233181238045
3436895638006091
3436905394082482
3437411549714688
