3429015908010912
3414535476330393
3414076052514769
3411862911972539
3431458858973774
3410836133066890
3410292538649821
3409205371046307
3408743574425453
3408577479360535
3407876624092774
3396306741782604
3395218226902714
3431543110133187
3429019729260718
3414104914214598
3412490291581065
3410836716943791
3410294091247362
3409283062906869
3408748104437964
3408578121626746
3407883327198849
3396311905164000
3395237776568218
3394654029371447
3393466535070386
3384663869123724
3384661646109756
3383597440633868
3368358536489735
3367973243500763
3366661669466388
3363939929347572
3360162414547874
3359810330941111
3359809917457815
3359805570476986
3436233181238045
3436895638006091
3440497085424506
